4294967278,370
4294967278,126
4294967278,125
4294967278,124
4294967278,122
4294967278,119
4294967278,118
4294967278,117
4294967278,115
4294967278,114
4294967278,113
4294967278,111
4294967278,110
4294967278,109
4294967278,108
4294967278,262
4294967278,106
4294967278,102
4294967278,100
4294967278,99
4294967278,97
4294967278,422
4294967278,92
4294967278,89
4294967278,87
4294967278,84
4294967278,83
4294967278,81
4294967278,79
4294967278,392
4294967278,71
4294967278,406
4294967278,57
4294967278,387
4294967278,40
4294967278,251
4294967278,217
4294967278,384
4294967279,288
4294967279,492
4294967279,439
4294967279,223
4294967279,306
4294967279,12
4294967279,308
4294967278,221
4294967279,307
4294967278,360
4294967278,365
4294967278,361
4294967279,318
4294967279,304
4496,6
4496,5
4496,4
4496,3
4496,2
4496,1
4294967279,506
4294967279,303
4294967279,253
4294967279,442
4294967279,237
4294967294,1087
4294967279,423
4294967279,222
4493,5
4493,4
4493,3
4493,2
4493,1
4294967279,216
4294967294,488
4294967279,213
4294967279,286
4294967278,286
4294967278,285
4491,6
4491,5
4491,4
4491,3
4491,2
4491,1
4294967279,199
4294967278,196
4294967279,194
4294967278,192
4294967278,190
4294967279,190
4294967278,284
4294967294,458
4294967294,418
4294967294,119
4294967294,110
4294967278,281
4488,7
4294967279,300
4294967279,181
4294967279,180
4294967279,178
4294967278,176
4294967278,172
4488,6
4488,5
4488,4
4488,3
4488,2
4488,1
4294967278,411
4294967278,426
4294967279,164
4294967278,434
4485,5
4485,4
4485,3
4485,2
4485,1
4294967278,268
4294967278,356
4294967278,264
4294967278,259
4481,5
4481,4
4481,3
4481,2
4481,1
4294967278,257
4294967278,430
4294967279,389
4294967278,324
4294967279,391
4294967279,386
4479,5
4479,4
4479,3
4479,2
4479,1
4294967294,1422
4294967279,249
4478,6
4294967294,160
4294967294,1160
4294967279,246
4478,5
4294967294,388
4294967279,242
4478,4
4478,3
4478,2
4478,1
4294967294,487
4294967279,234
4294967278,234
4477,5
4294967279,232
4477,4
4477,3
4477,2
4477,1
4294967294,469
4294967294,390
4294967294,1
4294967294,1072
4294967294,186
4294967294,1068
4294967279,214
4294967278,213
4476,5
4476,4
4476,3
4476,2
4476,1
4294967294,486
4294967279,210
4475,5
4294967278,355
4475,4
4475,3
4475,2
4475,1
4294967278,203
4294967279,204
4294967294,99
4294967279,299
4294967279,201
4474,4
4474,3
4474,2
4474,1
4294967279,200
0,7
4294967279,503
4294967294,0
4294967294,89
4294967294,387
4294967294,392
4294967294,441
4294967294,46
4294967294,45
4294967294,120
4294967294,115
4294967294,2
4294967279,495
4294967279,276
4294967279,298
4294967278,273
4294967279,502
4294967294,107
4294967294,50
4294967294,91
4294967294,90
4294967294,87
4294967294,86
4294967294,85
4294967294,84
4294967294,28
4294967294,1247
4294967294,1086
4294967294,29
4294967294,1246
4294967294,419
4294967294,27
4294967294,53
4294967294,52
4294967294,393
4294967294,44
4294967294,40
4294967294,41
4294967294,38
4294967294,37
4294967294,36
4294967294,426
4294967294,417
4294967294,51
4294967294,39
4294967294,42
4294967294,96
4294967294,94
4294967294,9
4294967294,8
4294967278,358
4294967294,93
4294967294,95
4294967294,92
4294967294,88
4294967294,81
4294967294,1249
4294967294,83
4294967294,11
4294967294,68
4294967279,486
4294967278,131
4294967278,128
4294967278,120
4294967278,299
4294967278,112
4294967278,107
4294967278,105
4294967278,104
4294967278,103
4294967278,101
4294967278,225
4294967278,98
4294967278,95
4294967278,93
4294967278,354
4294967278,91
4294967278,90
4294967278,86
4294967278,80
4294967278,75
4294967278,0
4294967278,72
4294967278,61
4294967278,414
4294967278,51
4294967278,48
4294967278,43
4294967279,430
4294967279,313
4294967279,497
4294967279,419
4294967279,508
4294967279,0
4294967279,480
4294967278,412
4294967279,473
4294967278,436
4294967279,179
4294967278,177
4294967279,501
4294967278,347
4294967279,170
4294967279,155
4294967278,326
4294967279,302
4294967294,412
4294967294,108
4473,6
4473,5
4473,4
4473,2
4473,1
4294967278,447
4294967278,339
4294967278,446
4294967279,399
4294967279,477
4294967279,482
4470,5
4470,4
4470,3
4470,2
4470,1
4294967294,485
4294967278,325
4294967278,444
4294967294,1077
4294967279,457
4468,6
4468,5
4468,4
4468,3
4468,2
4468,1
4294967279,491
4294967279,238
4294967279,294
4465,7
4294967278,241
4294967278,402
4294967278,207
4294967279,208
4465,6
4465,5
4294967279,207
4465,4
4465,2
4465,1
4294967278,408
4294967279,189
4294967278,291
4294967278,386
4462,5
4462,4
4462,2
4462,1
4294967279,177
4294967278,175
4294967293,131
4294967293,130
4294967293,129
4294967293,128
4294967293,127
4294967293,126
4294967293,125
4294967293,124
4294967293,123
4294967293,122
4294967293,121
4294967293,120
4294967293,119
4294967293,118
4294967293,117
4294967293,116
4294967293,115
4294967293,114
4294967293,113
4294967293,112
4294967293,111
4294967293,110
4294967293,109
4294967293,108
4294967293,107
4294967293,106
4294967293,105
4294967293,104
4294967293,103
4294967293,102
4294967293,101
4294967293,100
4294967293,99
4294967293,98
4294967293,97
4294967293,96
4294967293,95
4294967293,94
4294967293,93
4294967293,92
4294967293,91
4294967293,90
4294967293,89
4294967293,87
4294967293,86
4294967293,85
4294967293,84
4294967293,83
4294967293,82
4294967293,81
4294967293,80
4294967293,79
4294967293,78
4294967293,77
4294967293,76
4294967293,75
4294967293,74
4294967293,73
4294967293,72
4294967293,71
4294967279,173
4294967293,70
4294967293,69
4294967293,68
4294967293,67
4294967293,66
4294967293,65
4294967293,64
4294967293,63
4294967293,62
4294967293,61
4294967293,60
4294967293,59
4294967293,58
4294967293,57
4294967293,56
4294967293,55
4294967293,54
4294967293,53
4294967293,52
4294967293,51
4294967293,50
4294967293,49
4294967293,48
4294967293,47
4294967293,46
4294967293,45
4294967293,44
4294967293,43
4294967293,42
4294967293,41
4294967293,40
4294967293,39
4294967293,38
4294967293,37
4294967293,36
4294967293,35
4294967293,34
4294967293,33
4294967293,32
4294967293,31
4294967293,30
4294967293,29
4294967293,28
4294967293,27
4294967293,26
4294967293,25
4294967293,24
4294967293,23
4294967293,22
4294967293,21
4294967293,20
4294967293,19
4294967293,18
4294967293,17
4294967293,16
4294967293,15
4294967293,14
4294967293,13
4294967293,12
4294967293,11
4294967293,10
4294967293,9
4294967293,8
4294967293,7
4294967293,6
4294967293,5
4294967293,4
4294967293,3
4294967278,96
4294967278,415
4294967278,94
4294967278,351
4294967278,85
4294967278,421
4294967278,82
4294967278,78
4294967278,76
4294967278,74
4294967278,70
4294967278,413
4294967278,69
4294967278,68
4294967278,67
4294967278,66
4294967278,64
4294967278,63
4294967278,60
4294967278,59
4294967278,58
4294967278,56
4294967278,55
4294967278,53
4294967278,52
4294967278,50
4294967278,49
4294967278,398
4294967278,47
4294967278,45
4294967279,172
4294967278,42
4294967278,39
4294967278,38
4294967278,37
4294967279,86
4294967279,83
4294967279,81
4294967279,77
4294967279,75
4294967279,72
4294967279,71
4294967279,471
4294967279,58
4294967279,53
4294967279,52
4294967279,48
4294967279,47
4294967279,40
4294967279,39
4294967279,38
4294967279,37
4294967279,402
4294967279,35
4294967279,34
4294967279,33
4294967279,32
4294967279,30
4294967279,27
4294967279,9
4294967279,5
4294967279,56
4294967279,54
4294967279,165
4294967278,46
4294967279,162
4294967279,160
4294967279,36
4294967278,44
4294967279,44
4294967279,154
4294967294,403
4294967294,384
4294967294,386
4294967279,152
4458,5
4458,4
4458,3
4458,2
4458,1
4294967294,484
4294967279,31
4294967279,143
4294967278,395
4294967278,405
4456,5
4456,4
4294967279,139
4456,3
4456,2
4456,1
4294967278,138
4294967279,453
4294967279,293
4455,6
4294967278,328
4455,5
4455,4
4455,3
4455,2
4455,1
4294967294,1423
4294967294,1424
4294967294,483
4294967278,410
4294967279,409
4454,5
4454,4
4454,3
4454,2
4454,1
4294967278,263
4294967279,7
4294967294,1420
4294967279,8
4294967279,4
4453,5
4453,4
4453,3
4453,2
4453,1
4294967294,482
4294967278,409
4452,5
4294967278,253
4452,4
4452,3
4452,2
4452,1
4294967279,504
4451,4
4451,3
4451,2
4451,1
4294967279,424
4294967278,378
4294967278,338
4294967278,335
4294967278,348
4294967278,247
4294967294,1421
4294967278,218
4294967278,423
4294967279,285
4294967279,260
4294967279,278
4294967279,2
4294967279,88
4294967279,277
4294967294,408
4450,6
4450,5
4450,4
4450,2
4450,1
4294967279,398
4294967279,171
4294967279,163
4294967278,154
4447,5
4447,4
4447,3
4447,2
4447,1
4294967279,151
4294967294,481
4294967278,337
4294967278,144
4445,6
4445,5
4445,4
4445,3
4445,2
4445,1
4294967278,272
4294967278,270
4294967278,269
4294967278,265
4294967278,443
4294967278,261
4442,7
4294967278,364
4294967278,442
4294967278,363
4294967279,390
4442,6
4442,5
4442,4
4442,2
4442,1
4294967278,220
4439,5
4439,4
4439,2
4439,1
4294967279,511
4294967279,195
4294967278,189
4294967278,185
4294967279,186
4435,5
4435,4
4435,3
4435,2
4435,1
4294967278,180
4294967294,113
4433,5
4433,4
4433,3
4433,2
4433,1
4294967278,170
4432,6
4294967279,169
4294967279,168
4432,5
4294967278,164
4432,4
4432,3
4432,2
4432,1
4431,5
4431,4
4431,3
4431,2
4431,1
4294967279,158
4294967278,149
4430,5
4430,4
4430,3
4430,2
4430,1
4294967278,145
4294967279,145
4294967279,144
4429,5
4429,4
4294967279,140
4429,3
4429,2
4429,1
4294967294,17
4294967294,76
4294967294,173
4294967294,1082
4428,4
4428,3
4428,2
4428,1
4294967278,233
4294967294,167
4294967294,183
4294967294,457
4294967294,26
4294967294,430
4294967294,43
4294967294,25
4294967294,67
4294967294,22
4294967294,1163
4294967294,1166
4294967294,82
4294967278,77
4294967278,420
4294967278,345
4294967278,416
4294967278,41
4294967278,403
4294967279,388
4294967279,436
4294967279,73
4294967279,410
4294967279,70
4294967279,174
4294967279,432
4294967279,51
4294967279,49
4294967279,46
4294967279,45
4294967279,41
4294967279,316
4294967279,25
4294967279,22
4294967279,20
4294967279,18
4294967279,393
4294967279,6
0,5
4294967294,7
4294967294,6
4294967294,5
4294967278,250
4294967278,441
4294967278,439
4294967278,2
4294967279,392
4427,6
4427,5
4427,4
4427,2
4427,1
4294967279,510
4294967278,438
4294967279,187
4424,5
4424,4
4424,3
4424,2
4424,1
4294967294,480
4294967294,1248
4294967278,168
4422,6
4422,5
4422,4
4422,3
4422,2
4422,1
4294967278,399
4294967278,163
4294967278,161
4294967278,435
4294967278,151
4419,7
4294967278,372
4294967278,140
4419,6
4419,5
4419,4
4419,2
4419,1
4294967278,336
4294967279,507
4294967279,270
4294967278,432
4416,5
4416,4
4416,2
4416,1
4294967279,244
4294967279,226
4294967278,224
4294967279,218
4412,5
4294967278,216
4412,4
4412,3
4412,2
4412,1
4410,5
4294967278,205
4410,4
4410,3
4410,2
4410,1
4294967294,168
4294967294,425
4294967294,411
4294967294,449
4294967294,405
4294967294,460
4294967294,416
4409,6
4409,5
4409,4
4294967279,197
4409,3
4409,2
4409,1
4294967294,479
4294967279,193
4294967278,193
4408,5
4294967279,192
4408,4
4408,3
4408,2
4408,1
4294967278,188
4294967278,187
4294967278,183
4294967279,182
4294967294,1157
4294967278,181
4407,5
4407,4
4407,3
4407,2
4407,1
4294967278,137
4294967278,255
4406,5
4406,4
4406,3
4406,2
4406,1
4294967278,167
4405,4
4405,3
4405,2
4405,1
4294967278,350
4294967278,424
4294967278,397
4294967279,231
4294967278,428
4294967278,366
4294967278,277
4294967278,407
4294967279,468
4294967279,420
4294967279,411
4294967279,472
4294967279,458
4294967279,418
4294967279,413
4294967278,393
4294967279,284
4404,6
4404,5
4404,4
4404,2
4404,1
4294967294,599
4294967294,1083
4294967294,465
4294967294,391
4294967294,448
4294967278,254
4294967279,250
4294967278,246
4294967278,238
4294967279,505
4401,5
4401,4
4401,3
4401,2
4401,1
4294967294,478
4399,6
4399,5
4399,4
4399,3
4399,2
4399,1
4294967278,198
4294967279,198
4294967279,196
4294967278,418
4396,7
4294967279,184
4396,6
4396,5
4396,4
4396,2
4396,1
4294967278,169
4393,5
4393,4
4393,2
4393,1
4294967279,496
4294967279,136
4294967279,133
4294967278,278
4294967278,258
4389,5
4294967279,263
4389,4
4389,3
4389,2
4389,1
4294967279,259
4294967279,258
4387,5
4387,4
4294967278,321
4387,3
4387,2
4387,1
4294967279,434
4294967278,252
4294967279,254
4386,6
4294967279,248
4294967279,494
4386,5
4386,4
4386,3
4386,2
4386,1
4294967294,1426
4294967294,187
4294967294,399
4294967294,385
4294967294,406
4294967294,398
4294967294,420
4294967294,415
4294967294,400
4294967294,455
4294967278,236
4385,5
4385,4
4385,3
4385,2
4385,1
4294967278,230
4294967279,230
4294967278,228
4294967279,228
4294967278,226
4294967279,220
4294967278,331
4384,5
4294967278,212
4384,4
4384,3
4384,2
4384,1
4294967278,211
4294967279,212
4294967279,209
4294967278,208
4383,5
4294967278,206
4383,4
4383,3
4383,2
4383,1
4294967278,204
4382,4
4382,3
4382,2
4382,1
4294967279,403
4294967279,459
4294967294,14
4294967294,20
4294967294,13
4294967294,30
4294967294,1237
4294967294,1236
4294967294,1234
4294967294,1233
4294967294,1228
4294967294,1217
4294967294,1062
4294967294,1060
4294967294,1059
4294967294,1058
4294967294,1057
4294967294,60
4294967294,126
4294967278,396
4294967294,12
4294967294,1159
4294967294,1156
4294967294,1154
4294967294,1153
4294967294,1081
4294967294,1080
4294967294,1079
4294967294,1076
4294967294,1069
4294967294,1065
4294967294,182
4294967294,176
4294967294,170
4294967278,150
4294967278,148
4294967278,229
4294967278,401
4294967278,275
4294967278,400
4294967278,368
4294967278,174
4294967278,231
4294967278,20
4294967279,319
4294967279,412
4294967279,110
4294967279,109
4294967279,476
4294967279,100
4294967279,97
4294967279,89
4294967279,87
4294967279,80
4294967279,76
4294967279,74
4294967279,414
4294967279,68
4294967279,63
4294967279,60
4294967279,415
4294967279,451
4294967278,235
4294967279,273
4294967279,272
4294967279,271
4294967279,262
4381,6
4381,5
4381,4
4381,2
4381,1
4294967279,490
4378,5
4378,4
4378,3
4378,2
4378,1
4294967278,209
4294967294,477
4294967294,453
4294967294,410
4294967294,109
4376,6
4376,5
4376,4
4376,3
4376,2
4376,1
4294967294,163
4294967294,1070
4294967279,191
4294967278,184
4294967278,182
4373,7
4373,6
4373,5
4373,4
4373,2
4373,1
4294967278,256
4294967278,157
4294967278,153
4294967279,153
4294967278,152
4294967279,484
4294967279,488
4294967278,301
4294967278,383
4294967278,143
4370,5
4370,4
4370,3
4370,2
4370,1
4294967279,279
4294967279,137
4294967278,134
4294967278,282
4294967279,269
4294967279,267
4294967279,487
4294967278,280
4294967279,315
4366,5
4366,4
4366,3
4366,2
4366,1
4294967278,373
4294967294,476
4364,5
4294967278,244
4364,4
4364,3
4364,2
4364,1
4294967278,242
4363,6
4294967278,232
4363,5
4363,4
4363,3
4363,2
4363,1
4294967294,475
4294967294,413
4294967294,179
4294967294,421
4294967294,407
4294967294,402
4294967294,451
4362,5
4362,4
4294967278,214
4362,3
4362,2
4362,1
4361,5
4361,4
4361,3
4361,2
4361,1
4294967278,202
4294967278,199
4294967279,202
4360,5
4294967294,1085
4360,4
4360,3
4360,2
4360,1
4294967278,308
4359,4
4359,3
4359,2
4359,1
4294967278,431
4294967278,427
4294967278,178
4294967278,353
4294967294,127
4294967294,18
4294967278,319
4294967278,382
4294967278,390
4294967278,317
4294967278,29
4294967278,23
4294967278,22
4294967278,19
4294967278,18
4294967278,283
4294967278,14
4294967278,12
4294967278,11
4294967278,344
4294967278,9
4294967278,8
4294967278,7
4294967278,6
4294967278,5
4294967279,129
4294967279,314
4294967279,467
4294967279,115
4294967279,111
4294967279,108
4294967279,107
4294967279,105
4294967279,104
4294967279,103
4294967279,98
4294967279,96
4294967279,93
4294967279,475
4294967279,91
4294967279,90
4294967279,82
4294967279,251
4294967279,78
4294967279,69
4294967279,67
4294967279,65
4294967279,64
4294967279,55
4294967279,450
4294967279,50
4294967279,43
4294967279,42
4294967279,431
4294967279,29
4294967279,28
4294967279,26
4294967279,23
4294967279,19
4294967279,10
4294967278,171
4294967279,57
4294967279,444
4294967278,160
4294967278,155
4294967278,142
4358,6
4358,5
4294967279,274
4358,4
4358,2
4358,1
4294967279,264
4294967279,481
4294967279,479
4355,5
4355,4
4355,3
4355,2
4355,1
4294967278,248
4294967294,474
4294967294,409
4294967294,184
4294967294,169
4294967294,189
4294967294,111
4294967278,309
4294967278,391
4294967278,237
4353,6
4353,5
4353,4
4353,3
4353,2
4353,1
4294967279,280
4294967279,478
4294967278,210
4350,7
4294967278,195
4294967278,194
4350,6
4350,5
4350,4
4350,2
4350,1
4294967279,493
4294967279,188
4294967278,186
4294967279,185
4294967278,179
4347,5
4347,4
4347,2
4347,1
4294967279,470
4294967278,159
4294967278,158
4294967278,389
4294967278,147
4294967278,146
4294967278,417
4294967278,141
4343,5
4343,4
4343,3
4343,2
4343,1
4294967278,271
4341,5
4341,4
4294967278,266
4341,3
4341,2
4341,1
4294967279,266
4340,6
4340,5
4340,4
4340,3
4340,2
4340,1
4294967294,473
4294967279,469
4339,5
4339,4
4339,3
4339,2
4339,1
4294967279,466
4294967294,178
4294967294,404
4294967279,465
4338,5
4294967279,296
4338,4
4338,3
4338,2
4338,1
4294967294,471
4294967278,274
4294967279,464
4337,5
4294967294,1073
4337,4
4337,3
4337,2
4337,1
4294967278,222
4336,4
4336,3
4336,2
4336,1
4294967278,333
4294967279,463
4294967278,388
4294967279,462
4294967279,461
4294967279,441
4294967278,310
4294967278,343
4294967278,267
4294967278,334
4294967278,359
4294967278,260
4294967278,36
4294967278,35
4294967278,33
4294967278,32
4294967278,31
4294967278,30
4294967278,26
4294967278,24
4294967278,17
4294967278,15
4294967279,297
4294967279,113
4294967279,106
4294967279,101
4294967279,95
4294967279,94
4294967279,92
4294967279,85
4294967279,84
4294967279,79
4294967279,66
4294967279,62
4294967279,61
4294967279,311
4294967279,317
4294967279,256
4294967279,24
4294967279,16
4294967279,489
4294967279,384
4294967279,460
4294967278,385
4335,6
4335,5
4335,4
4335,2
4335,1
4294967278,433
4294967278,404
4294967279,239
4294967294,396
4294967294,470
4294967279,141
4332,5
4332,4
4332,3
4332,2
4332,1
4294967294,1067
4294967294,1152
4294967279,135
4330,6
4330,5
4330,4
4330,3
4330,2
4330,1
4294967278,362
4294967278,322
4294967279,385
4294967279,456
4327,7
4294967278,240
4327,6
4327,5
4327,4
4327,2
4327,1
4294967278,440
4294967279,275
4324,5
4324,4
4294967279,203
4324,2
4324,1
4294967278,201
4294967278,342
4294967279,404
4294967278,197
4294967279,455
4294967279,176
4294967279,454
4294967278,173
4320,5
4320,4
4320,3
4320,2
4320,1
4294967278,162
4318,5
4318,4
4318,3
4318,2
4318,1
4294967278,349
4317,6
4317,5
4317,4
4317,3
4317,2
4317,1
4294967294,511
4316,5
4316,4
4316,3
4316,2
4316,1
4294967279,448
4294967294,1425
4294967294,1075
4294967294,395
4294967294,463
4294967294,112
4294967294,191
4294967278,381
4315,5
4294967278,133
4315,4
4315,3
4315,2
4315,1
4294967294,510
4314,5
4314,4
4314,3
4314,2
4314,1
4313,4
4294967279,265
4313,3
4313,2
4313,1
4294967278,437
4294967294,389
4294967279,289
4294967278,300
4294967278,394
4294967278,294
4294967278,293
4294967278,302
4294967278,346
4294967278,34
4294967278,28
4294967278,27
4294967278,25
4294967278,21
4294967278,16
4294967278,13
4294967278,10
4294967278,4
4294967279,132
4294967279,131
4294967279,130
4294967279,128
4294967279,127
4294967279,126
4294967279,125
4294967279,124
4294967279,123
4294967279,122
4294967279,121
4294967279,120
4294967279,119
4294967279,118
4294967279,117
4294967279,116
4294967279,112
4294967279,102
4294967279,99
4294967279,452
4294967279,241
4294967279,305
4294967279,59
4294967279,221
4294967279,229
4294967279,394
4294967279,21
4294967279,219
4294967279,17
4294967279,15
4294967279,14
4294967279,13
4294967279,11
4294967279,114
4294967278,379
4294967279,252
4294967278,377
4294967278,200
4312,6
4312,5
4312,4
4312,2
4312,1
4294967279,247
4294967279,245
4294967279,433
4309,5
4309,4
4309,3
4309,2
4309,1
4294967279,161
4294967279,282
4294967279,396
4294967294,454
4307,6
4307,5
4307,4
4307,3
4307,2
4307,1
4294967278,425
4294967278,376
4294967294,509
4294967279,142
4294967278,139
4294967278,136
4294967278,276
4294967294,1074
4294967279,291
4294967278,375
4304,7
4294967278,219
4294967279,287
4294967279,243
4304,6
4304,5
4304,4
4304,2
4304,1
4301,5
4301,4
4301,2
4301,1
4294967278,374
4297,5
4297,4
4297,3
4297,2
4297,1
4295,5
4295,4
4295,3
4295,2
4295,1
4294967294,118
4294967294,461
4294967294,459
4294967294,116
4294,6
4294,5
4294,4
4294967279,175
4294,3
4294,2
4294,1
4294967279,295
4294967294,1084
4294967294,185
4293,5
4293,4
4294967278,166
4293,3
4293,2
4293,1
4294967279,167
4294967278,165
4294967279,166
4294967279,233
4294967279,283
4292,5
4294967278,156
4292,4
4292,3
4292,2
4292,1
4291,5
4294967279,150
4291,4
4291,3
4291,2
4291,1
4294967279,148
4294967279,146
4290,4
4290,3
4290,2
4290,1
4294967278,340
4294967294,162
4294967294,161
4294967278,132
4294967278,130
4294967278,129
4294967278,127
4294967278,123
4294967278,121
4294967278,429
4294967278,116
4294967278,239
4294967278,223
4294967278,332
4294967278,330
4294967278,73
4294967278,279
4294967278,329
4294967278,65
4294967278,62
4294967278,54
4294967278,327
4294967278,289
4294967278,88
4294967279,445
4294967279,438
4294967279,261
4294967279,281
4294967279,435
4294967279,440
4294967279,292
4294967279,301
4294967278,371
4294967278,419
4289,6
4289,5
4289,4
4289,2
4289,1
4294967278,369
4286,5
4286,4
4286,3
4286,2
4286,1
4294967294,175
4294967294,450
4294967279,227
4284,6
4284,5
4284,4
4284,3
4284,2
4284,1
4294967279,417
4294967294,508
4294967278,191
4294967279,183
4294967279,225
4281,7
4281,6
4281,5
4281,4
4281,2
4281,1
4294967279,437
4294967278,445
4294967279,156
4294967279,149
4278,5
4278,4
4278,2
4278,1
4294967294,190
4294967278,135
4294967279,290
4294967278,323
4274,5
4274,4
4274,3
4274,2
4274,1
4294967279,387
4294967279,255
4294967294,507
4272,5
4272,4
4272,3
4272,2
4272,1
4294967279,240
4271,6
4294967279,236
4271,5
4271,4
4271,3
4271,2
4271,1
4294967294,506
4294967279,224
4270,5
4270,4
4270,3
4270,2
4270,1
4294967294,1078
4294967279,211
4294967294,1244
